vesselCount = 14
UT = 114008820.97424901
gameMode = CAREER
gameNull = False
gameCompatible = True
funds = 8806448.4263270404
science = 4543
reputationPercent = 72
ongoingContracts = 7
saveMD5 = 4b865ebe9db638218394a5a0e8fa737e
