vesselCount = 0
UT = 226.47545410158617
gameMode = CAREER
gameNull = False
gameCompatible = True
funds = 119261.23998832703
science = 26
reputationPercent = 2
ongoingContracts = 0
saveMD5 = df478a4176a7139d3a2fe43a16a86474
