saveMD5 = 7326922a75a1a475dbabf75030baa37f
vesselCount = 0
UT = 230.99545410158848
gameMode = CAREER
gameNull = False
gameCompatible = True
funds = 119261.23998832703
science = 26
reputationPercent = 2
ongoingContracts = 0
saveMD5 = 7326922a75a1a475dbabf75030baa37f
