vesselCount = 57
UT = 193621481.40313327
gameMode = CAREER
gameNull = False
gameCompatible = True
funds = 17913184.973717995
science = 5157
reputationPercent = 81
ongoingContracts = 2
saveMD5 = 677b738b6ae6425b336a2dad28972ffd
