vesselCount = 58
UT = 228769533.16082945
gameMode = CAREER
gameNull = False
gameCompatible = True
funds = 18074043.973717995
science = 5164
reputationPercent = 81
ongoingContracts = 2
saveMD5 = 63835cff61507a3d2a82ef7fd8074005
