vesselCount = 58
UT = 229037297.13524824
gameMode = CAREER
gameNull = False
gameCompatible = True
funds = 18268475.973717995
science = 5168
reputationPercent = 81
ongoingContracts = 2
saveMD5 = 601edd721aaa11f36c90f1d09be946a2
