vesselCount = 58
UT = 229478651.22628218
gameMode = CAREER
gameNull = False
gameCompatible = True
funds = 18425211.973717995
science = 5170
reputationPercent = 81
ongoingContracts = 2
saveMD5 = f6f081e0d922562396240a9624bfd2f5
