vesselCount = 58
UT = 228405156.05580452
gameMode = CAREER
gameNull = False
gameCompatible = True
funds = 17883579.973717995
science = 5161
reputationPercent = 81
ongoingContracts = 2
saveMD5 = c4d98b61e1ade7d4c768f27910f4f5f8
