vesselCount = 58
UT = 231512925.62044337
gameMode = CAREER
gameNull = False
gameCompatible = True
funds = 20097805.649396341
science = 5186
reputationPercent = 82
ongoingContracts = 0
saveMD5 = 3a495870f3293c36d587aac2496d9586
