vesselCount = 58
UT = 228776031.75987369
gameMode = CAREER
gameNull = False
gameCompatible = True
funds = 18074043.973717995
science = 5164
reputationPercent = 81
ongoingContracts = 2
saveMD5 = 88203bed833dd54daa9b918a3b0bb22b
