vesselCount = 58
UT = 231514437.78860611
gameMode = CAREER
gameNull = False
gameCompatible = True
funds = 20097805.649396341
science = 5186
reputationPercent = 82
ongoingContracts = 0
saveMD5 = 55c6e49ddd8b599ac69c4a409717b115
