vesselCount = 58
UT = 231479880.89924949
gameMode = CAREER
gameNull = False
gameCompatible = True
funds = 19893453.649396341
science = 5183
reputationPercent = 82
ongoingContracts = 0
saveMD5 = 954530df866bd7e8a808dbc415841855
