vesselCount = 58
UT = 227578016.01391327
gameMode = CAREER
gameNull = False
gameCompatible = True
funds = 17833979.973717995
science = 5160
reputationPercent = 81
ongoingContracts = 2
saveMD5 = 9352e36b68679c0a4308e2da6fa8524a
