vesselCount = 58
UT = 232615353.81638247
gameMode = CAREER
gameNull = False
gameCompatible = True
funds = 20133517.649396341
science = 5187
reputationPercent = 82
ongoingContracts = 0
saveMD5 = fdca9d4214257e345016c8189de50c61
