vesselCount = 58
UT = 193859842.34171924
gameMode = CAREER
gameNull = False
gameCompatible = True
funds = 17719867.973717995
science = 5157
reputationPercent = 81
ongoingContracts = 2
saveMD5 = 31e6694f53612c58e4316bf1afa64a41
