vesselCount = 58
UT = 225989655.63548392
gameMode = CAREER
gameNull = False
gameCompatible = True
funds = 17719867.973717995
science = 5157
reputationPercent = 81
ongoingContracts = 2
saveMD5 = 72925dbae5c87654a28c3a477a9bca54
