vesselCount = 58
UT = 230161331.44204342
gameMode = CAREER
gameNull = False
gameCompatible = True
funds = 19808141.649396341
science = 5181
reputationPercent = 82
ongoingContracts = 0
saveMD5 = 2817c5fdf3e9ac31011d41893bd12330
