vesselCount = 58
UT = 228669620.14873603
gameMode = CAREER
gameNull = False
gameCompatible = True
funds = 18074043.973717995
science = 5164
reputationPercent = 81
ongoingContracts = 2
saveMD5 = 57af9ddcd8ccbd212e7e2809720308a2
