vesselCount = 58
UT = 229038668.89487574
gameMode = CAREER
gameNull = False
gameCompatible = True
funds = 18268475.973717995
science = 5168
reputationPercent = 81
ongoingContracts = 2
saveMD5 = 082634dc8f040399b4ab7727fffea63c
