vesselCount = 58
UT = 228459699.46321738
gameMode = CAREER
gameNull = False
gameCompatible = True
funds = 17919291.973717995
science = 5162
reputationPercent = 81
ongoingContracts = 2
saveMD5 = 64160a5e68afa69d3442ba0ba137f51c
