vesselCount = 58
UT = 230349389.64920545
gameMode = CAREER
gameNull = False
gameCompatible = True
funds = 19808141.649396341
science = 5181
reputationPercent = 82
ongoingContracts = 0
saveMD5 = 0d48577d2868279909a47b8cd66b2e95
