vesselCount = 58
UT = 270436828.90994138
gameMode = CAREER
gameNull = False
gameCompatible = True
funds = 20133517.649396341
science = 5187
reputationPercent = 82
ongoingContracts = 0
saveMD5 = f05c09c9dcede6c8a0529fed3420295a
