vesselCount = 58
UT = 233066804.18792257
gameMode = CAREER
gameNull = False
gameCompatible = True
funds = 20133517.649396341
science = 5187
reputationPercent = 82
ongoingContracts = 0
saveMD5 = a2202006f21d35b178d107ca8dcb934a
