vesselCount = 61
UT = 183346832.51300728
gameMode = CAREER
gameNull = False
gameCompatible = True
funds = 18456124.959233399
science = 5107
reputationPercent = 81
ongoingContracts = 5
saveMD5 = 3e7c72fa9f110ea34b0b8637965a3fe9
