vesselCount = 60
UT = 138106958.00383955
gameMode = CAREER
gameNull = False
gameCompatible = True
funds = 15194474.328072995
science = 4929
reputationPercent = 79
ongoingContracts = 10
saveMD5 = 0e2f9dee6547209eb830d65578412abf
