vesselCount = 0
UT = 1206.5097839351131
gameMode = CAREER
gameNull = False
gameCompatible = True
funds = 235772.9630317688
science = 26
reputationPercent = 5
ongoingContracts = 1
missionCurrentScore = 0
missionIsStarted = False
missionIsEnded = False
missionHistoryId = 00000000-0000-0000-0000-000000000000
missionExpansionVersion = 
saveMD5 = 048b9ecbea48b7944455f759437b67f5
