vesselCount = 58
UT = 300347725.12435097
gameMode = CAREER
gameNull = False
gameCompatible = True
funds = 16109357.174130337
science = 3312
reputationPercent = 82
ongoingContracts = 1
saveMD5 = dedc1a1fd3ab77f5cc08cb748bcc067b
