vesselCount = 17
UT = 16438782.863776512
gameMode = CAREER
gameNull = False
gameCompatible = True
funds = 2222284.1749379393
science = 693
reputationPercent = 72
ongoingContracts = 8
missionCurrentScore = 0
missionIsStarted = False
missionIsEnded = False
missionHistoryId = 00000000-0000-0000-0000-000000000000
missionExpansionVersion = 
saveMD5 = 554cfde842fb2d728c3055dff7ffafd2
