vesselCount = 57
UT = 193621453.98311856
gameMode = CAREER
gameNull = False
gameCompatible = True
funds = 17913184.973717995
science = 5157
reputationPercent = 81
ongoingContracts = 2
saveMD5 = 1589304f2a43cb3b913240618220805a
