vesselCount = 57
UT = 193621447.66311517
gameMode = CAREER
gameNull = False
gameCompatible = True
funds = 19808584.973717995
science = 5157
reputationPercent = 81
ongoingContracts = 2
saveMD5 = cf071901fe33767f365977ce8b57bd2c
