vesselCount = 11
UT = 5887707.8125921255
gameMode = CAREER
gameNull = False
gameCompatible = True
funds = 477484.64247785212
science = 186
reputationPercent = 64
ongoingContracts = 5
missionCurrentScore = 0
missionIsStarted = False
missionIsEnded = False
missionHistoryId = 00000000-0000-0000-0000-000000000000
missionExpansionVersion = 
saveMD5 = 1d37b3f2d4d5622baa89209bd3a741a7
