vesselCount = 57
UT = 270562540.67446768
gameMode = CAREER
gameNull = False
gameCompatible = True
funds = 16878685.649403971
science = 3312
reputationPercent = 82
ongoingContracts = 0
saveMD5 = c50cd25e3816ea5920dabe73987f204f
