vesselCount = 31
UT = 132106136.73726211
gameMode = CAREER
gameNull = False
gameCompatible = True
funds = 1252650.5223899349
science = 2557
reputationPercent = 79
ongoingContracts = 8
missionCurrentScore = 0
missionIsStarted = False
missionIsEnded = False
missionHistoryId = 00000000-0000-0000-0000-000000000000
missionExpansionVersion = 
saveMD5 = 7825251ca8f8cf1dfe396096270180fb
