vesselCount = 29
UT = 132497098.38268168
gameMode = CAREER
gameNull = False
gameCompatible = True
funds = 2031395.0448557937
science = 2557
reputationPercent = 80
ongoingContracts = 6
missionCurrentScore = 0
missionIsStarted = False
missionIsEnded = False
missionHistoryId = 00000000-0000-0000-0000-000000000000
missionExpansionVersion = 
saveMD5 = 45a099b312e30ac38c60d96a7579241a
