vesselCount = 57
UT = 193603055.70402476
gameMode = CAREER
gameNull = False
gameCompatible = True
funds = 19858325.893468209
science = 5157
reputationPercent = 81
ongoingContracts = 2
saveMD5 = a79e76a25a0e9c6e13edb8eeaaa98396
