vesselCount = 23
UT = 47121809.000097491
gameMode = CAREER
gameNull = False
gameCompatible = True
funds = 1703829.0721486192
science = 807
reputationPercent = 78
ongoingContracts = 2
missionCurrentScore = 0
missionIsStarted = False
missionIsEnded = False
missionHistoryId = 00000000-0000-0000-0000-000000000000
missionExpansionVersion = 
saveMD5 = 7e712e4152995c7215d9e15e87d3364a
