vesselCount = 28
UT = 130307478.35529068
gameMode = CAREER
gameNull = False
gameCompatible = True
funds = 1229461.0571485949
science = 2557
reputationPercent = 79
ongoingContracts = 5
missionCurrentScore = 0
missionIsStarted = False
missionIsEnded = False
missionHistoryId = 00000000-0000-0000-0000-000000000000
missionExpansionVersion = 
saveMD5 = 6cadaccbd3b5b6ad0da497924885d1db
