vesselCount = 28
UT = 130307471.17529218
gameMode = CAREER
gameNull = False
gameCompatible = True
funds = 1229461.0571485949
science = 2557
reputationPercent = 79
ongoingContracts = 5
missionCurrentScore = 0
missionIsStarted = False
missionIsEnded = False
missionHistoryId = 00000000-0000-0000-0000-000000000000
missionExpansionVersion = 
saveMD5 = 6499bb961a6f2ec3c04cba2bfd2a90a3
