vesselCount = 59
UT = 302379705.83952731
gameMode = CAREER
gameNull = False
gameCompatible = True
funds = 18478158.294476207
science = 3312
reputationPercent = 56
ongoingContracts = 14
saveMD5 = 9fb3e61db35d5bd93c0d6ec415933e9a
