vesselCount = 5
UT = 2235606.0882767332
gameMode = CAREER
gameNull = False
gameCompatible = True
funds = 1316027.1861393065
science = 412
reputationPercent = 57
ongoingContracts = 5
missionCurrentScore = 0
missionIsStarted = False
missionIsEnded = False
missionHistoryId = 00000000-0000-0000-0000-000000000000
missionExpansionVersion = 
saveMD5 = 221316360889e59b537fab9ed8658823
