vesselCount = 57
UT = 270562593.35441744
gameMode = CAREER
gameNull = False
gameCompatible = True
funds = 16878685.649403971
science = 3312
reputationPercent = 82
ongoingContracts = 0
saveMD5 = ad003f0dcdec7613d889b74ace4f5ca3
