vesselCount = 57
UT = 270562546.91446173
gameMode = CAREER
gameNull = False
gameCompatible = True
funds = 16878685.649403971
science = 3312
reputationPercent = 82
ongoingContracts = 0
saveMD5 = 9577368d0be7dab9d72f82c84b06aa28
