vesselCount = 29
UT = 184725161.6041995
gameMode = CAREER
gameNull = False
gameCompatible = True
funds = 2257776.3335918412
science = 2557
reputationPercent = 72
ongoingContracts = 5
missionCurrentScore = 0
missionIsStarted = False
missionIsEnded = False
missionHistoryId = 00000000-0000-0000-0000-000000000000
missionExpansionVersion = 
saveMD5 = 4bf2ab8c372d0232b4915e88e8250cd1
