vesselCount = 57
UT = 270562587.71442282
gameMode = CAREER
gameNull = False
gameCompatible = True
funds = 16878685.649403971
science = 3312
reputationPercent = 82
ongoingContracts = 0
saveMD5 = 5af606f6231cc9c9a8d67dfcdb47a019
