vesselCount = 57
UT = 193621443.22311279
gameMode = CAREER
gameNull = False
gameCompatible = True
funds = 19808584.973717995
science = 5157
reputationPercent = 81
ongoingContracts = 2
saveMD5 = 3f6a4a8502a945a498666c475720c483
