vesselCount = 29
UT = 132408857.01871324
gameMode = CAREER
gameNull = False
gameCompatible = True
funds = 1744479.2804699517
science = 2557
reputationPercent = 79
ongoingContracts = 7
missionCurrentScore = 0
missionIsStarted = False
missionIsEnded = False
missionHistoryId = 00000000-0000-0000-0000-000000000000
missionExpansionVersion = 
saveMD5 = 457a758ad9bad2b5d52f6e205fbae92b
