vesselCount = 29
UT = 184790149.57554767
gameMode = CAREER
gameNull = False
kspVersion = 1.9.0
funds = 2369600.3806684893
science = 2557
reputationPercent = 72
ongoingContracts = 4
missionCurrentScore = 0
missionIsStarted = False
missionIsEnded = False
missionHistoryId = 00000000-0000-0000-0000-000000000000
missionExpansionVersion = 
saveMD5 = 
lastWriteTime = 637198138620000000
