vesselCount = 4
UT = 1816941.5125774145
gameMode = CAREER
gameNull = False
gameCompatible = True
funds = 1560914.3610906214
science = 275
reputationPercent = 57
ongoingContracts = 8
missionCurrentScore = 0
missionIsStarted = False
missionIsEnded = False
missionHistoryId = 00000000-0000-0000-0000-000000000000
missionExpansionVersion = 
saveMD5 = 89700735f6dbb7bf8c2fa9d2b6d4e996
