vesselCount = 17
UT = 10923672.093126789
gameMode = CAREER
gameNull = False
gameCompatible = True
funds = 1582867.7594106314
science = 412
reputationPercent = 71
ongoingContracts = 5
missionCurrentScore = 0
missionIsStarted = False
missionIsEnded = False
missionHistoryId = 00000000-0000-0000-0000-000000000000
missionExpansionVersion = 
saveMD5 = 1c5383ad3bd0ab2ed5465f8aa94b876b
