vesselCount = 0
UT = 234918.03919710524
gameMode = CAREER
gameNull = False
gameCompatible = True
funds = 100528.56167101102
science = 82
reputationPercent = 17
ongoingContracts = 3
missionCurrentScore = 0
missionIsStarted = False
missionIsEnded = False
missionHistoryId = 00000000-0000-0000-0000-000000000000
missionExpansionVersion = 
saveMD5 = 3bccf448b2d5219ca71f486c8b19e1b0
