vesselCount = 57
UT = 193603093.46404502
gameMode = CAREER
gameNull = False
gameCompatible = True
funds = 19858325.893468209
science = 5157
reputationPercent = 81
ongoingContracts = 2
saveMD5 = b7e71379fba3b0f343365ff5ec8e760c
