vesselCount = 30
UT = 130336958.6826071
gameMode = CAREER
gameNull = False
gameCompatible = True
funds = 1041471.112287729
science = 2557
reputationPercent = 79
ongoingContracts = 10
missionCurrentScore = 0
missionIsStarted = False
missionIsEnded = False
missionHistoryId = 00000000-0000-0000-0000-000000000000
missionExpansionVersion = 
saveMD5 = 2c619e9e8747715318df02238bad3a1b
