vesselCount = 13
UT = 10052558.258172942
gameMode = CAREER
gameNull = False
gameCompatible = True
funds = 1019128.5391864402
science = 128
reputationPercent = 67
ongoingContracts = 9
missionCurrentScore = 0
missionIsStarted = False
missionIsEnded = False
missionHistoryId = 00000000-0000-0000-0000-000000000000
missionExpansionVersion = 
saveMD5 = 8b856531c985109984fb015f38f7be24
