vesselCount = 57
UT = 193603454.06423846
gameMode = CAREER
gameNull = False
gameCompatible = True
funds = 19831125.893468209
science = 5157
reputationPercent = 81
ongoingContracts = 2
saveMD5 = f0edc164b44c5764fba8b049ada79e4d
