vesselCount = 57
UT = 193603479.4842521
gameMode = CAREER
gameNull = False
gameCompatible = True
funds = 19831125.893468209
science = 5157
reputationPercent = 81
ongoingContracts = 2
saveMD5 = 295fae3d8d1d53990b59b9861af1999f
