vesselCount = 4
UT = 1817036.3925775029
gameMode = CAREER
gameNull = False
gameCompatible = True
funds = 1507058.4860906214
science = 282
reputationPercent = 57
ongoingContracts = 8
missionCurrentScore = 0
missionIsStarted = False
missionIsEnded = False
missionHistoryId = 00000000-0000-0000-0000-000000000000
missionExpansionVersion = 
saveMD5 = 1b9b3d812f66a852c044478212280b46
