vesselCount = 2
UT = 1815953.8707259176
gameMode = CAREER
gameNull = False
gameCompatible = True
funds = 1355199.3848566622
science = 245
reputationPercent = 57
ongoingContracts = 4
missionCurrentScore = 0
missionIsStarted = False
missionIsEnded = False
missionHistoryId = 00000000-0000-0000-0000-000000000000
missionExpansionVersion = 
saveMD5 = 41e2e70709ba680c029ec87331e72f22
