vesselCount = 59
UT = 165997699.12195414
gameMode = CAREER
gameNull = False
gameCompatible = True
funds = 15669593.221735995
science = 5099
reputationPercent = 61
ongoingContracts = 11
saveMD5 = d6287c781b86f746c9359c7ed6911225
