vesselCount = 59
UT = 302568280.53703326
gameMode = CAREER
gameNull = False
gameCompatible = True
funds = 16479978.479105162
science = 3312
reputationPercent = 82
ongoingContracts = 3
saveMD5 = 5e19feb623be44616307a924c9f5a9a3
