vesselCount = 59
UT = 302379697.3595354
gameMode = CAREER
gameNull = False
gameCompatible = True
funds = 18478158.294476207
science = 3312
reputationPercent = 56
ongoingContracts = 14
saveMD5 = fe458ea79d2f47a746ab9ba55351655e
