vesselCount = 21
UT = 33101249.842780311
gameMode = CAREER
gameNull = False
gameCompatible = True
funds = 2338914.9352926183
science = 1330
reputationPercent = 72
ongoingContracts = 9
missionCurrentScore = 0
missionIsStarted = False
missionIsEnded = False
missionHistoryId = 00000000-0000-0000-0000-000000000000
missionExpansionVersion = 
saveMD5 = 1424c1b8e69acf1a00b3b061e152aa2c
