vesselCount = 45
UT = 110400151.53726082
gameMode = CAREER
gameNull = False
gameCompatible = True
funds = 11507982.077773428
science = 4708
reputationPercent = 78
ongoingContracts = 10
saveMD5 = 7ec9d9f2ac54981ecc62812ac5e5c4c0
