vesselCount = 46
UT = 112123851.78048536
gameMode = CAREER
gameNull = False
gameCompatible = True
funds = 11885786.155898428
science = 4733
reputationPercent = 78
ongoingContracts = 10
saveMD5 = ba443a389702119c94948cf6040477fe
