vesselCount = 60
UT = 302380630.67396861
gameMode = CAREER
gameNull = False
gameCompatible = True
funds = 18193004.294476207
science = 3312
reputationPercent = 56
ongoingContracts = 14
saveMD5 = 3e3c2ff24e2ef245b343c92e74e8a0c5
