vesselCount = 57
UT = 122427894.1041716
gameMode = CAREER
gameNull = False
gameCompatible = True
funds = 12639911.810167849
science = 4863
reputationPercent = 78
ongoingContracts = 8
saveMD5 = 13a381ef9cfa66e8edc56433c268d7ab
