vesselCount = 30
UT = 70732430.932074144
gameMode = CAREER
gameNull = False
gameCompatible = True
funds = 1803579.0468321606
science = 445
reputationPercent = 78
ongoingContracts = 5
missionCurrentScore = 0
missionIsStarted = False
missionIsEnded = False
missionHistoryId = 00000000-0000-0000-0000-000000000000
missionExpansionVersion = 
saveMD5 = 4d7b74b6f76757f2b6719eb46cc17672
