vesselCount = 31
UT = 91026381.053336129
gameMode = CAREER
gameNull = False
gameCompatible = True
funds = 2071455.6160021587
science = 1004
reputationPercent = 78
ongoingContracts = 7
missionCurrentScore = 0
missionIsStarted = False
missionIsEnded = False
missionHistoryId = 00000000-0000-0000-0000-000000000000
missionExpansionVersion = 
saveMD5 = 5e338f52ea77105600e5729b681894d1
