vesselCount = 15
UT = 10735517.133945638
gameMode = CAREER
gameNull = False
gameCompatible = True
funds = 1009971.2898061392
science = 131
reputationPercent = 68
ongoingContracts = 10
missionCurrentScore = 0
missionIsStarted = False
missionIsEnded = False
missionHistoryId = 00000000-0000-0000-0000-000000000000
missionExpansionVersion = 
saveMD5 = 29743b4fe8bfbd0e09b4b83b72858b08
