vesselCount = 19
UT = 41275571.820345856
gameMode = CAREER
gameNull = False
gameCompatible = True
funds = 2034051.2131245628
science = 376
reputationPercent = 75
ongoingContracts = 7
missionCurrentScore = 0
missionIsStarted = False
missionIsEnded = False
missionHistoryId = 00000000-0000-0000-0000-000000000000
missionExpansionVersion = 
saveMD5 = 3063376f62ed2441ffa345683c5e27e4
