vesselCount = 5
UT = 1816612.3559902015
gameMode = CAREER
gameNull = False
gameCompatible = True
funds = 1557478.5559148402
science = 264
reputationPercent = 57
ongoingContracts = 8
missionCurrentScore = 0
missionIsStarted = False
missionIsEnded = False
missionHistoryId = 00000000-0000-0000-0000-000000000000
missionExpansionVersion = 
saveMD5 = 02b9c6e6a5a33b7c0633e18bbd125e05
