vesselCount = 3
UT = 1192915.3327435418
gameMode = CAREER
gameNull = False
gameCompatible = True
funds = 1505714.2760070232
science = 46
reputationPercent = 47
ongoingContracts = 1
missionCurrentScore = 0
missionIsStarted = False
missionIsEnded = False
missionHistoryId = 00000000-0000-0000-0000-000000000000
missionExpansionVersion = 
saveMD5 = 984fbe684c2a382b4425c5fe0c7550b8
