vesselCount = 58
UT = 137940183.14068618
gameMode = CAREER
gameNull = False
gameCompatible = True
funds = 14278614.402139466
science = 4928
reputationPercent = 79
ongoingContracts = 8
saveMD5 = d55b50f4b98b0b88b729765e804a0fe8
