vesselCount = 30
UT = 132091807.45496599
gameMode = CAREER
gameNull = False
gameCompatible = True
funds = 1508619.6317649349
science = 2557
reputationPercent = 79
ongoingContracts = 8
missionCurrentScore = 0
missionIsStarted = False
missionIsEnded = False
missionHistoryId = 00000000-0000-0000-0000-000000000000
missionExpansionVersion = 
saveMD5 = 1fd33736b528f14325bde1f0e66ba113
