vesselCount = 23
UT = 46705863.84414427
gameMode = CAREER
gameNull = False
gameCompatible = True
funds = 551938.2357785505
science = 456
reputationPercent = 76
ongoingContracts = 7
missionCurrentScore = 0
missionIsStarted = False
missionIsEnded = False
missionHistoryId = 00000000-0000-0000-0000-000000000000
missionExpansionVersion = 
saveMD5 = 3199bfbbf4319551076041c800f73377
