vesselCount = 31
UT = 146738516.20069763
gameMode = CAREER
gameNull = False
gameCompatible = True
funds = 2060400.6930061188
science = 2557
reputationPercent = 74
ongoingContracts = 7
missionCurrentScore = 0
missionIsStarted = False
missionIsEnded = False
missionHistoryId = 00000000-0000-0000-0000-000000000000
missionExpansionVersion = 
saveMD5 = 742d7f1a605743396d1470ae31c4dc1f
