vesselCount = 57
UT = 130798097.69053066
gameMode = CAREER
gameNull = False
gameCompatible = True
funds = 12866477.30474478
science = 4879
reputationPercent = 78
ongoingContracts = 10
saveMD5 = 2ca7cb0fc0023b3b15267b30aa570a49
