vesselCount = 54
UT = 114523279.28451049
gameMode = CAREER
gameNull = False
gameCompatible = True
funds = 12384947.677039588
science = 4733
reputationPercent = 78
ongoingContracts = 9
saveMD5 = 7c16b08364745ca402a696867ada038b
