vesselCount = 57
UT = 135835504.96815309
gameMode = CAREER
gameNull = False
gameCompatible = True
funds = 13855655.523329919
science = 4881
reputationPercent = 79
ongoingContracts = 7
saveMD5 = 5d8af0f8db79a7c121683eaa631ca0fb
