vesselCount = 58
UT = 137941460.26255262
gameMode = CAREER
gameNull = False
gameCompatible = True
funds = 15389319.328072995
science = 4929
reputationPercent = 79
ongoingContracts = 10
saveMD5 = edda9a5553b7fcbde91fe6625a987f43
