vesselCount = 45
UT = 110250055.44351929
gameMode = CAREER
gameNull = False
gameCompatible = True
funds = 11640394.701114235
science = 4541
reputationPercent = 78
ongoingContracts = 0
saveMD5 = aca7bf1b1ff3b3dca552f943ca79e8df
