vesselCount = 6
UT = 5478199.8575055264
gameMode = CAREER
gameNull = False
gameCompatible = True
funds = 404991.4188262563
science = 166
reputationPercent = 63
ongoingContracts = 8
missionCurrentScore = 0
missionIsStarted = False
missionIsEnded = False
missionHistoryId = 00000000-0000-0000-0000-000000000000
missionExpansionVersion = 
saveMD5 = 45dda77a92473820a4067f8b66140893
