vesselCount = 56
UT = 119108492.42128922
gameMode = CAREER
gameNull = False
gameCompatible = True
funds = 12307438.950886691
science = 4734
reputationPercent = 78
ongoingContracts = 9
saveMD5 = 5b6c0169cde7b755062b408391a3ff3a
