vesselCount = 30
UT = 91022141.107063904
gameMode = CAREER
gameNull = False
gameCompatible = True
funds = 2071455.6160021587
science = 1004
reputationPercent = 78
ongoingContracts = 7
missionCurrentScore = 0
missionIsStarted = False
missionIsEnded = False
missionHistoryId = 00000000-0000-0000-0000-000000000000
missionExpansionVersion = 
saveMD5 = 0570dea190507f54caf15aabd4c8ac05
