vesselCount = 13
UT = 6424465.2800296396
gameMode = CAREER
gameNull = False
gameCompatible = True
funds = 202932.59742538683
science = 70
reputationPercent = 66
ongoingContracts = 12
missionCurrentScore = 0
missionIsStarted = False
missionIsEnded = False
missionHistoryId = 00000000-0000-0000-0000-000000000000
missionExpansionVersion = 
saveMD5 = 7e239ca49aa636e378727ea31a21714d
