vesselCount = 58
UT = 193602552.95134455
gameMode = CAREER
gameNull = False
gameCompatible = True
funds = 18777302.866767045
science = 5139
reputationPercent = 81
ongoingContracts = 4
saveMD5 = 0adb0819e3573c2dc515e2073b1ea85d
