vesselCount = 58
UT = 193650079.85090664
gameMode = CAREER
gameNull = False
gameCompatible = True
funds = 19568051.973717995
science = 5157
reputationPercent = 81
ongoingContracts = 2
saveMD5 = bf0ef9eee0d896ac33a149559b2fa282
