vesselCount = 15
UT = 10784738.948319264
gameMode = CAREER
gameNull = False
gameCompatible = True
funds = 1252968.3962514517
science = 292
reputationPercent = 70
ongoingContracts = 6
missionCurrentScore = 0
missionIsStarted = False
missionIsEnded = False
missionHistoryId = 00000000-0000-0000-0000-000000000000
missionExpansionVersion = 
saveMD5 = 3ea2fdfd854742f8b7b0829491e6c462
