vesselCount = 56
UT = 119227537.27140239
gameMode = CAREER
gameNull = False
gameCompatible = True
funds = 12502738.946061099
science = 4794
reputationPercent = 78
ongoingContracts = 8
saveMD5 = 54c2690901d47e65b96bbd0954a00047
