vesselCount = 30
UT = 184752895.00689873
gameMode = CAREER
gameNull = False
gameCompatible = True
funds = 2192535.3335918412
science = 2557
reputationPercent = 72
ongoingContracts = 5
missionCurrentScore = 0
missionIsStarted = False
missionIsEnded = False
missionHistoryId = 00000000-0000-0000-0000-000000000000
missionExpansionVersion = 
saveMD5 = 44a74821c7add34f1e4ca4faaaaee865
