vesselCount = 57
UT = 135837814.85567209
gameMode = CAREER
gameNull = False
gameCompatible = True
funds = 13855655.523329919
science = 4881
reputationPercent = 79
ongoingContracts = 7
saveMD5 = 03bde5963d7f8b9f896855274124869b
