vesselCount = 19
UT = 2116800.4599887114
gameMode = CAREER
gameNull = False
gameCompatible = True
funds = 288254.29809047864
science = 22
reputationPercent = 36
ongoingContracts = 6
saveMD5 = 462d0fed60c081202bb74710aae1c423
