vesselCount = 42
UT = 75731232.529381916
gameMode = CAREER
gameNull = False
gameCompatible = True
funds = 11798498.105282785
science = 1846
reputationPercent = 76
ongoingContracts = 2
saveMD5 = 99d0b6c6da005fe3b260b6ec9d0608cf
