vesselCount = 54
UT = 114532330.71801274
gameMode = CAREER
gameNull = False
gameCompatible = True
funds = 11764959.639058078
science = 4734
reputationPercent = 78
ongoingContracts = 9
saveMD5 = 5a2be9b9ebb5824709c0b41c130bd9da
