vesselCount = 54
UT = 115498606.01414712
gameMode = CAREER
gameNull = False
gameCompatible = True
funds = 12260638.950886691
science = 4734
reputationPercent = 78
ongoingContracts = 9
saveMD5 = e930e05367bd473d7142a14bfbb45001
