vesselCount = 58
UT = 193619742.17870358
gameMode = CAREER
gameNull = False
gameCompatible = True
funds = 19625562.893468209
science = 5157
reputationPercent = 81
ongoingContracts = 2
saveMD5 = 4688a6d55a7d111f1d295fa62d5a2fc0
