vesselCount = 3
UT = 1725705.5764574385
gameMode = CAREER
gameNull = False
gameCompatible = True
funds = 1115931.837766496
science = 633
reputationPercent = 56
ongoingContracts = 5
missionCurrentScore = 0
missionIsStarted = False
missionIsEnded = False
missionHistoryId = 00000000-0000-0000-0000-000000000000
missionExpansionVersion = 
saveMD5 = 879c2352f518585fcb5180e6b0c3fa92
