vesselCount = 57
UT = 135838517.03972656
gameMode = CAREER
gameNull = False
gameCompatible = True
funds = 13855655.523329919
science = 4881
reputationPercent = 79
ongoingContracts = 7
saveMD5 = 4d92d5965c75f7809cb04c74f9c7fbe3
