vesselCount = 59
UT = 142040513.90728807
gameMode = CAREER
gameNull = False
gameCompatible = True
funds = 15841446.573905628
science = 4940
reputationPercent = 79
ongoingContracts = 13
saveMD5 = 4bb28b35e8dbc4bbe095fd01767f3310
