vesselCount = 35
UT = 38297936.989658356
gameMode = CAREER
gameNull = False
gameCompatible = True
funds = 5950742.0214545969
science = 271
reputationPercent = 70
ongoingContracts = 2
saveMD5 = b5b6fa7ff7929c42d66bd35c8c2402ca
