vesselCount = 58
UT = 137882240.51867077
gameMode = CAREER
gameNull = False
gameCompatible = True
funds = 14218502.402139466
science = 4927
reputationPercent = 79
ongoingContracts = 8
saveMD5 = 4e5276a9ceb7b80f5f6545a4bed9f9cd
