vesselCount = 30
UT = 184789431.10345665
gameMode = CAREER
gameNull = False
gameCompatible = True
funds = 2306529.5834921282
science = 2557
reputationPercent = 72
ongoingContracts = 4
missionCurrentScore = 0
missionIsStarted = False
missionIsEnded = False
missionHistoryId = 00000000-0000-0000-0000-000000000000
missionExpansionVersion = 
saveMD5 = 9606966d078851c637f4167fe13569ec
