vesselCount = 30
UT = 165070885.32808903
gameMode = CAREER
gameNull = False
gameCompatible = True
funds = 2142076.6930061188
science = 2557
reputationPercent = 74
ongoingContracts = 7
missionCurrentScore = 0
missionIsStarted = False
missionIsEnded = False
missionHistoryId = 00000000-0000-0000-0000-000000000000
missionExpansionVersion = 
saveMD5 = 1690c06b4a61c3284a88474266ab737e
