vesselCount = 22
UT = 46540718.670108475
gameMode = CAREER
gameNull = False
gameCompatible = True
funds = 567291.5639035505
science = 456
reputationPercent = 76
ongoingContracts = 7
missionCurrentScore = 0
missionIsStarted = False
missionIsEnded = False
missionHistoryId = 00000000-0000-0000-0000-000000000000
missionExpansionVersion = 
saveMD5 = 9125e69e27999bab0cbd5d3d1dce4e17
