vesselCount = 57
UT = 135838175.85960498
gameMode = CAREER
gameNull = False
gameCompatible = True
funds = 13855655.523329919
science = 4881
reputationPercent = 79
ongoingContracts = 7
saveMD5 = 985eddf2c8d103dc65272fd4191d3808
