vesselCount = 43
UT = 57898783.197682798
gameMode = CAREER
gameNull = False
gameCompatible = True
funds = 9017956.356014533
science = 567
reputationPercent = 74
ongoingContracts = 5
saveMD5 = ff9097200f88dba829f5ea3254bfa5fc
