vesselCount = 46
UT = 110613682.18909182
gameMode = CAREER
gameNull = False
gameCompatible = True
funds = 11885786.155898428
science = 4733
reputationPercent = 78
ongoingContracts = 10
saveMD5 = 99026ddb004c11a5948a0d27b5a1ebab
