vesselCount = 43
UT = 45086748.017611548
gameMode = CAREER
gameNull = False
gameCompatible = True
funds = 8630692.356014533
science = 332
reputationPercent = 73
ongoingContracts = 5
saveMD5 = 711d0b95b616b9ff360a0d4608f7f160
