vesselCount = 59
UT = 300319809.20787454
gameMode = CAREER
gameNull = False
gameCompatible = True
funds = 15787541.57509332
science = 3312
reputationPercent = 82
ongoingContracts = 0
saveMD5 = 54ac986945bc50ddc2b4c060fcc25310
