vesselCount = 31
UT = 130312658.40573879
gameMode = CAREER
gameNull = False
gameCompatible = True
funds = 806257.37715265062
science = 2557
reputationPercent = 79
ongoingContracts = 10
missionCurrentScore = 0
missionIsStarted = False
missionIsEnded = False
missionHistoryId = 00000000-0000-0000-0000-000000000000
missionExpansionVersion = 
saveMD5 = 14907a8533308985b0aa833bb1a53949
