vesselCount = 57
UT = 135837642.7781615
gameMode = CAREER
gameNull = False
gameCompatible = True
funds = 13855655.523329919
science = 4881
reputationPercent = 79
ongoingContracts = 7
saveMD5 = b5da623c8fb5deb7c02b85e0908c9a42
