vesselCount = 58
UT = 274127967.19998407
gameMode = CAREER
gameNull = False
gameCompatible = True
funds = 16309232.182523172
science = 3312
reputationPercent = 82
ongoingContracts = 0
saveMD5 = 7da5ae643a219990df413d1d652b375c
