vesselCount = 32
UT = 32076218.877492622
gameMode = CAREER
gameNull = False
gameCompatible = True
funds = 2126701.0212269574
science = 37
reputationPercent = 57
ongoingContracts = 7
saveMD5 = ad2d8c04cf0439b678188f83c26cc3d8
