vesselCount = 57
UT = 122428385.54089743
gameMode = CAREER
gameNull = False
gameCompatible = True
funds = 12639911.810167849
science = 4863
reputationPercent = 78
ongoingContracts = 8
saveMD5 = ff5f437b6e6156c2d321a8a6ef8ff8b3
