vesselCount = 59
UT = 302103205.62370473
gameMode = CAREER
gameNull = False
gameCompatible = True
funds = 15659914.498394864
science = 3312
reputationPercent = 82
ongoingContracts = 1
saveMD5 = 804eb176ac3036ba9ab19ee36942d086
