vesselCount = 58
UT = 137939944.04236719
gameMode = CAREER
gameNull = False
gameCompatible = True
funds = 14278614.402139466
science = 4928
reputationPercent = 79
ongoingContracts = 8
saveMD5 = c20d3ac5ae1cc01bb650172e56272530
