vesselCount = 56
UT = 119120694.42449948
gameMode = CAREER
gameNull = False
gameCompatible = True
funds = 12307438.950886691
science = 4734
reputationPercent = 78
ongoingContracts = 9
saveMD5 = 746345b65672e3f566b63033a9872274
