vesselCount = 61
UT = 168869202.02385172
gameMode = CAREER
gameNull = False
gameCompatible = True
funds = 17645190.370242797
science = 5107
reputationPercent = 80
ongoingContracts = 6
saveMD5 = 8bb245127672d292d56b7e75f576123d
