vesselCount = 58
UT = 193745760.48873234
gameMode = CAREER
gameNull = False
gameCompatible = True
funds = 19651242.893468209
science = 5157
reputationPercent = 81
ongoingContracts = 2
saveMD5 = 8c3ec70430b7eccf5a9c26287d19e6c4
