vesselCount = 33
UT = 111793478.53977905
gameMode = CAREER
gameNull = False
gameCompatible = True
funds = 854495.14483894838
science = 441
reputationPercent = 78
ongoingContracts = 6
missionCurrentScore = 0
missionIsStarted = False
missionIsEnded = False
missionHistoryId = 00000000-0000-0000-0000-000000000000
missionExpansionVersion = 
saveMD5 = 46667fde1214b62c4e39112ad316a3d5
