vesselCount = 57
UT = 135835988.77168399
gameMode = CAREER
gameNull = False
gameCompatible = True
funds = 13855655.523329919
science = 4881
reputationPercent = 79
ongoingContracts = 7
saveMD5 = 994f0fa23165f3d794545e5752a7255a
