vesselCount = 5
UT = 5415391.5944235092
gameMode = CAREER
gameNull = False
gameCompatible = True
funds = 200041.94825710822
science = 598
reputationPercent = 63
ongoingContracts = 2
missionCurrentScore = 0
missionIsStarted = False
missionIsEnded = False
missionHistoryId = 00000000-0000-0000-0000-000000000000
missionExpansionVersion = 
saveMD5 = 767fb2f52888dc88cc0b0b9d04f6b088
