vesselCount = 61
UT = 165929085.65045893
gameMode = CAREER
gameNull = False
gameCompatible = True
funds = 15583573.221735995
science = 5097
reputationPercent = 80
ongoingContracts = 11
saveMD5 = fa9157bb3a5fbb6b2689500730842b0e
