vesselCount = 61
UT = 183346818.13299957
gameMode = CAREER
gameNull = False
gameCompatible = True
funds = 18456124.959233399
science = 5107
reputationPercent = 81
ongoingContracts = 5
saveMD5 = 0956df8502f3f4d477d5bec6dd12d9b4
