vesselCount = 61
UT = 165898759.92159712
gameMode = CAREER
gameNull = False
gameCompatible = True
funds = 15583573.221735995
science = 5097
reputationPercent = 80
ongoingContracts = 11
saveMD5 = 2be99e6f46942dd0e4d2fcc2eac8beaa
