vesselCount = 57
UT = 137789661.7660073
gameMode = CAREER
gameNull = False
gameCompatible = True
funds = 14188582.402139466
science = 4906
reputationPercent = 79
ongoingContracts = 9
saveMD5 = 3b2746ab0c89744e41a251c9fa724b54
