vesselCount = 61
UT = 165999045.63378119
gameMode = CAREER
gameNull = False
gameCompatible = True
funds = 16080026.208961422
science = 5107
reputationPercent = 80
ongoingContracts = 10
saveMD5 = 6d2308713714a2cb9193aedb730abddf
