vesselCount = 61
UT = 165927178.62606525
gameMode = CAREER
gameNull = False
gameCompatible = True
funds = 15583573.221735995
science = 5097
reputationPercent = 80
ongoingContracts = 11
saveMD5 = 8c17a5d2d42067ba2f02f532aead99b0
