vesselCount = 62
UT = 165943159.52419877
gameMode = CAREER
gameNull = False
gameCompatible = True
funds = 15583573.221735995
science = 5097
reputationPercent = 80
ongoingContracts = 11
saveMD5 = 3dc3371a2b83fd3ede7167f04df4c8a8
