vesselCount = 58
UT = 270563637.46542144
gameMode = CAREER
gameNull = False
gameCompatible = True
funds = 16264328.399403971
science = 3312
reputationPercent = 82
ongoingContracts = 0
saveMD5 = 9d7d7c6d2435d914de1eeb2f2ebcfbb0
