vesselCount = 61
UT = 165999627.35303262
gameMode = CAREER
gameNull = False
gameCompatible = True
funds = 16080026.208961422
science = 5107
reputationPercent = 80
ongoingContracts = 10
saveMD5 = add8088ca50d9d1640419f4ff688c1bf
