vesselCount = 58
UT = 137790038.72159195
gameMode = CAREER
gameNull = False
gameCompatible = True
funds = 14188582.402139466
science = 4906
reputationPercent = 79
ongoingContracts = 9
saveMD5 = f52a57c87313daf5e1e46d5715b7b5d0
