vesselCount = 61
UT = 165958050.97001332
gameMode = CAREER
gameNull = False
gameCompatible = True
funds = 15583573.221735995
science = 5097
reputationPercent = 80
ongoingContracts = 11
saveMD5 = 0d2bf2a3518d977c2926a5102f8f8001
