vesselCount = 61
UT = 165985754.55227795
gameMode = CAREER
gameNull = False
gameCompatible = True
funds = 16080026.208961422
science = 5107
reputationPercent = 80
ongoingContracts = 10
saveMD5 = df0c8d8172701062f0dcf175893d882a
