vesselCount = 58
UT = 141125032.00380927
gameMode = CAREER
gameNull = False
gameCompatible = True
funds = 15381038.354824513
science = 4929
reputationPercent = 79
ongoingContracts = 10
saveMD5 = ab2fe2b7f933c5dfe42ca91e579e85c0
