vesselCount = 58
UT = 195678434.22424844
gameMode = CAREER
gameNull = False
gameCompatible = True
funds = 17719867.973717995
science = 5157
reputationPercent = 81
ongoingContracts = 2
saveMD5 = 14ae143f7acf98a545ba02650494c409
