vesselCount = 58
UT = 194129342.74146956
gameMode = CAREER
gameNull = False
gameCompatible = True
funds = 17719867.973717995
science = 5157
reputationPercent = 81
ongoingContracts = 2
saveMD5 = b3b4b89381d9ee2e08989ffcf433be8c
