vesselCount = 61
UT = 181272892.80061162
gameMode = CAREER
gameNull = False
gameCompatible = True
funds = 18456124.959233399
science = 5107
reputationPercent = 81
ongoingContracts = 5
saveMD5 = 67c0231891edd38c463db7dbf4e20f2e
