vesselCount = 61
UT = 165918677.42404503
gameMode = CAREER
gameNull = False
gameCompatible = True
funds = 15583573.221735995
science = 5097
reputationPercent = 80
ongoingContracts = 11
saveMD5 = d2eb182d8c559d040be0ab0b20f3d577
