vesselCount = 61
UT = 165985559.90878642
gameMode = CAREER
gameNull = False
gameCompatible = True
funds = 16056626.208961422
science = 5107
reputationPercent = 80
ongoingContracts = 10
saveMD5 = e9458e3137b7b2737ad4bed6eca0a303
