vesselCount = 58
UT = 194109553.55264977
gameMode = CAREER
gameNull = False
gameCompatible = True
funds = 17719867.973717995
science = 5157
reputationPercent = 81
ongoingContracts = 2
saveMD5 = 87d28a072b5ccc94e06882353ed08266
