vesselCount = 61
UT = 165894376.46347585
gameMode = CAREER
gameNull = False
gameCompatible = True
funds = 15583573.221735995
science = 5097
reputationPercent = 80
ongoingContracts = 11
saveMD5 = 6d521f3c48932bd32bb7a712da18cce8
