vesselCount = 58
UT = 137823454.20832837
gameMode = CAREER
gameNull = False
gameCompatible = True
funds = 14188582.402139466
science = 4906
reputationPercent = 79
ongoingContracts = 9
saveMD5 = 1674f5f5a62797e5cd3bcc14c9eb7442
