vesselCount = 61
UT = 176125945.63419837
gameMode = CAREER
gameNull = False
gameCompatible = True
funds = 17645190.370242797
science = 5107
reputationPercent = 80
ongoingContracts = 6
saveMD5 = dd16add977eedd3c23d8856535f4c76d
