vesselCount = 59
UT = 138346341.55260384
gameMode = CAREER
gameNull = False
gameCompatible = True
funds = 15194474.328072995
science = 4929
reputationPercent = 79
ongoingContracts = 10
saveMD5 = 95ab65f53af34a27d611853b3940b5c0
