vesselCount = 61
UT = 165959708.75793785
gameMode = CAREER
gameNull = False
gameCompatible = True
funds = 15583573.221735995
science = 5097
reputationPercent = 80
ongoingContracts = 11
saveMD5 = efdeec9ce18c4f6e1c816ed118c5a40b
