vesselCount = 58
UT = 195678621.50125962
gameMode = CAREER
gameNull = False
gameCompatible = True
funds = 17719867.973717995
science = 5157
reputationPercent = 81
ongoingContracts = 2
saveMD5 = 6231870ce1f6235b5c3a84b931dd34f1
