vesselCount = 61
UT = 165929087.75046006
gameMode = CAREER
gameNull = False
gameCompatible = True
funds = 15583573.221735995
science = 5097
reputationPercent = 80
ongoingContracts = 11
saveMD5 = a2128cf94fe9189dc59cc606631cda91
