vesselCount = 61
UT = 165918706.36406055
gameMode = CAREER
gameNull = False
gameCompatible = True
funds = 15583573.221735995
science = 5097
reputationPercent = 80
ongoingContracts = 11
saveMD5 = 7759ec281c526bbe355541c53d72b433
