vesselCount = 62
UT = 165943159.52419877
gameMode = CAREER
gameNull = False
gameCompatible = True
funds = 15583573.221735995
science = 5097
reputationPercent = 80
ongoingContracts = 11
saveMD5 = 0f01bc0c5ce26dc80f882c3cb25337ab
