vesselCount = 61
UT = 165921874.78822738
gameMode = CAREER
gameNull = False
gameCompatible = True
funds = 15583573.221735995
science = 5097
reputationPercent = 80
ongoingContracts = 11
saveMD5 = d121b5dd761d7627cc199fdb5054a405
