vesselCount = 61
UT = 180509856.29982993
gameMode = CAREER
gameNull = False
gameCompatible = True
funds = 17645190.370242797
science = 5107
reputationPercent = 80
ongoingContracts = 6
saveMD5 = bb866ece191336f7e857697fd386a897
