vesselCount = 61
UT = 165922027.02829853
gameMode = CAREER
gameNull = False
gameCompatible = True
funds = 15583573.221735995
science = 5097
reputationPercent = 80
ongoingContracts = 11
saveMD5 = 0e9228b9e78fc23a67f1ac2ac7e4a86f
