vesselCount = 61
UT = 165966761.56497478
gameMode = CAREER
gameNull = False
gameCompatible = True
funds = 15970606.208961422
science = 5105
reputationPercent = 80
ongoingContracts = 10
saveMD5 = bcece6a3b8cc870349431843f2dadba3
