vesselCount = 58
UT = 270450470.17128432
gameMode = CAREER
gameNull = False
gameCompatible = True
funds = 20133517.649396341
science = 5187
reputationPercent = 82
ongoingContracts = 0
saveMD5 = 3186ca002865f665e96fed135fb7c319
