vesselCount = 61
UT = 176127576.00329712
gameMode = CAREER
gameNull = False
gameCompatible = True
funds = 17645190.370242797
science = 5107
reputationPercent = 80
ongoingContracts = 6
saveMD5 = 54122ab146448cf53a33308f2f572ed0
