vesselCount = 61
UT = 165918634.94402224
gameMode = CAREER
gameNull = False
gameCompatible = True
funds = 15583573.221735995
science = 5097
reputationPercent = 80
ongoingContracts = 11
saveMD5 = 99cf65a27170089799a9153c56f65268
