vesselCount = 0
UT = 1584.5794860830586
gameMode = CAREER
gameNull = False
kspVersion = 1.8.1
funds = 177257.64860153198
science = 6
reputationPercent = 3
ongoingContracts = 2
missionCurrentScore = 0
missionIsStarted = False
missionIsEnded = False
missionHistoryId = 00000000-0000-0000-0000-000000000000
missionExpansionVersion = 
saveMD5 = 
lastWriteTime = 637173348610000000
