vesselCount = 0
UT = 3341.8867828342468
gameMode = CAREER
gameNull = False
gameCompatible = True
funds = 167410.81338310242
science = 13
reputationPercent = 2
ongoingContracts = 2
missionCurrentScore = 0
missionIsStarted = False
missionIsEnded = False
missionHistoryId = 00000000-0000-0000-0000-000000000000
missionExpansionVersion = 
saveMD5 = 30c4d7abf9823c86a88615c3c2a49fde
