vesselCount = 0
UT = 1522.3394860831152
gameMode = CAREER
gameNull = False
gameCompatible = True
funds = 177257.64860153198
science = 6
reputationPercent = 3
ongoingContracts = 2
missionCurrentScore = 0
missionIsStarted = False
missionIsEnded = False
missionHistoryId = 00000000-0000-0000-0000-000000000000
missionExpansionVersion = 
saveMD5 = 528e86b122c16bb0f806845e28463603
