vesselCount = 0
UT = 191706.51852169706
gameMode = CAREER
gameNull = False
gameCompatible = True
funds = 164942.21411323547
science = 22
reputationPercent = 2
ongoingContracts = 2
missionCurrentScore = 0
missionIsStarted = False
missionIsEnded = False
missionHistoryId = 00000000-0000-0000-0000-000000000000
missionExpansionVersion = 
saveMD5 = 6b0d0b04a50857b1ff619712baa0bc2a
