vesselCount = 0
UT = 948421.95356382697
gameMode = CAREER
gameNull = False
gameCompatible = True
funds = 166222.07308292389
science = 31
reputationPercent = 2
ongoingContracts = 2
missionCurrentScore = 0
missionIsStarted = False
missionIsEnded = False
missionHistoryId = 00000000-0000-0000-0000-000000000000
missionExpansionVersion = 
saveMD5 = 6b214c6a50ef9e929626d01e75b8adee
