vesselCount = 0
UT = 2145.5475445540546
gameMode = CAREER
gameNull = False
gameCompatible = True
funds = 147105.32809448242
science = 2
reputationPercent = 2
ongoingContracts = 2
missionCurrentScore = 0
missionIsStarted = False
missionIsEnded = False
missionHistoryId = 00000000-0000-0000-0000-000000000000
missionExpansionVersion = 
saveMD5 = 34a6149e7758adda7e91040a64561430
