vesselCount = 0
UT = 953312.15251387551
gameMode = CAREER
gameNull = False
gameCompatible = True
funds = 359400.50864458084
science = 20
reputationPercent = 7
ongoingContracts = 0
missionCurrentScore = 0
missionIsStarted = False
missionIsEnded = False
missionHistoryId = 00000000-0000-0000-0000-000000000000
missionExpansionVersion = 
saveMD5 = 2f086fb622e27f3985338e2d87bfc556
