saveMD5 = 1d345919839598342f7f10da20c3e544
vesselCount = 0
UT = 1359.3853796381331
gameMode = CAREER
gameNull = False
gameCompatible = True
funds = 228497.6885433197
science = 9
reputationPercent = 5
ongoingContracts = 1
saveMD5 = 1d345919839598342f7f10da20c3e544
