vesselCount = 0
UT = 216.14727539064447
gameMode = CAREER
gameNull = False
gameCompatible = True
funds = 158177.06283569336
science = 27
reputationPercent = 2
ongoingContracts = 2
missionCurrentScore = 0
missionIsStarted = False
missionIsEnded = False
missionHistoryId = 00000000-0000-0000-0000-000000000000
saveMD5 = 205586c4b7110e634def87caddabad9a
