vesselCount = 38
UT = 142779901.82208484
gameMode = CAREER
gameNull = False
gameCompatible = True
funds = 7876080.9987932937
science = 3477
reputationPercent = 70
ongoingContracts = 10
missionCurrentScore = 0
missionIsStarted = False
missionIsEnded = False
missionHistoryId = 00000000-0000-0000-0000-000000000000
saveMD5 = 88d9294e85676c66228e1cad1ba8c2b6
