vesselCount = 37
UT = 147871247.77954671
gameMode = CAREER
gameNull = False
gameCompatible = True
funds = 7122835.6841991199
science = 3728
reputationPercent = 71
ongoingContracts = 9
missionCurrentScore = 0
missionIsStarted = False
missionIsEnded = False
missionHistoryId = 00000000-0000-0000-0000-000000000000
saveMD5 = 92a698d4f179bb11edd20abe0f757577
