vesselCount = 15
UT = 32284557.778548025
gameMode = CAREER
gameNull = False
gameCompatible = True
funds = 2253254.970158929
science = 574
reputationPercent = 73
ongoingContracts = 10
missionCurrentScore = 0
missionIsStarted = False
missionIsEnded = False
missionHistoryId = 00000000-0000-0000-0000-000000000000
saveMD5 = 2794f42a6d910630ed43d348517515c9
