vesselCount = 33
UT = 136643449.76291722
gameMode = CAREER
gameNull = False
gameCompatible = True
funds = 8306661.5934998253
science = 3374
reputationPercent = 69
ongoingContracts = 7
missionCurrentScore = 0
missionIsStarted = False
missionIsEnded = False
missionHistoryId = 00000000-0000-0000-0000-000000000000
saveMD5 = 5975fb031484b9f81e0cadc8c59f0743
