vesselCount = 33
UT = 136174345.93405813
gameMode = CAREER
gameNull = False
gameCompatible = True
funds = 7825068.016086095
science = 3337
reputationPercent = 68
ongoingContracts = 8
missionCurrentScore = 0
missionIsStarted = False
missionIsEnded = False
missionHistoryId = 00000000-0000-0000-0000-000000000000
saveMD5 = 6336b52c3e1af3abee50cb2b2933c676
