vesselCount = 1
UT = 1049863.0783451314
gameMode = CAREER
gameNull = False
gameCompatible = True
funds = 2154857.0637758086
science = 210
reputationPercent = 57
ongoingContracts = 2
missionCurrentScore = 0
missionIsStarted = False
missionIsEnded = False
missionHistoryId = 00000000-0000-0000-0000-000000000000
saveMD5 = 651b2fd33e389527389368b274f4b3e0
