vesselCount = 35
UT = 135735980.75457361
gameMode = CAREER
gameNull = False
gameCompatible = True
funds = 7410693.3919382785
science = 3332
reputationPercent = 66
ongoingContracts = 12
missionCurrentScore = 0
missionIsStarted = False
missionIsEnded = False
missionHistoryId = 00000000-0000-0000-0000-000000000000
saveMD5 = 6ecd1282f76de5056f0ca23378ce9d08
