vesselCount = 32
UT = 242205237.17794842
gameMode = CAREER
gameNull = False
gameCompatible = True
funds = 10459422.610652281
science = 4061
reputationPercent = 75
ongoingContracts = 1
missionCurrentScore = 0
missionIsStarted = False
missionIsEnded = False
missionHistoryId = 00000000-0000-0000-0000-000000000000
saveMD5 = 4fdfee530197c067b359daa66dcc8f23
