vesselCount = 4
UT = 2504497.9959887099
gameMode = CAREER
gameNull = False
gameCompatible = True
funds = 1362004.6942351465
science = 43
reputationPercent = 69
ongoingContracts = 6
missionCurrentScore = 0
missionIsStarted = False
missionIsEnded = False
missionHistoryId = 00000000-0000-0000-0000-000000000000
saveMD5 = 05f6c916edc40d8d28c4d5e8c5d14f4a
