vesselCount = 33
UT = 136643324.00284976
gameMode = CAREER
gameNull = False
gameCompatible = True
funds = 8306661.5934998253
science = 3374
reputationPercent = 69
ongoingContracts = 7
missionCurrentScore = 0
missionIsStarted = False
missionIsEnded = False
missionHistoryId = 00000000-0000-0000-0000-000000000000
saveMD5 = 16ea439221b0e63d24cdfc9db9f1dd8a
