vesselCount = 32
UT = 242217235.64851284
gameMode = CAREER
gameNull = False
gameCompatible = True
funds = 10459422.610652281
science = 4061
reputationPercent = 75
ongoingContracts = 1
missionCurrentScore = 0
missionIsStarted = False
missionIsEnded = False
missionHistoryId = 00000000-0000-0000-0000-000000000000
saveMD5 = 75117cdf9d2ff0f0c0ac9d8a80698262
