vesselCount = 25
UT = 119766870.74882728
gameMode = CAREER
gameNull = False
gameCompatible = True
funds = 4857482.1442420986
science = 3591
reputationPercent = 74
ongoingContracts = 5
missionCurrentScore = 0
missionIsStarted = False
missionIsEnded = False
missionHistoryId = 00000000-0000-0000-0000-000000000000
saveMD5 = 34975cf447051bce1fd4a88876fcdfec
