vesselCount = 12
UT = 83267025.915358528
gameMode = CAREER
gameNull = False
gameCompatible = True
funds = 3469559.1681032097
science = 2181
reputationPercent = 78
ongoingContracts = 5
missionCurrentScore = 0
missionIsStarted = False
missionIsEnded = False
missionHistoryId = 00000000-0000-0000-0000-000000000000
saveMD5 = 3e9844ffae168293f134a8d78f0e3fe1
