vesselCount = 35
UT = 135736008.79458866
gameMode = CAREER
gameNull = False
gameCompatible = True
funds = 7410693.3919382785
science = 3332
reputationPercent = 66
ongoingContracts = 12
missionCurrentScore = 0
missionIsStarted = False
missionIsEnded = False
missionHistoryId = 00000000-0000-0000-0000-000000000000
saveMD5 = 7ec4122d434c278930f3f3dc0b170ca0
