vesselCount = 2
UT = 1874110.5279607424
gameMode = CAREER
gameNull = False
gameCompatible = True
funds = 4886830.2646435434
science = 1869
reputationPercent = 65
ongoingContracts = 5
missionCurrentScore = 0
missionIsStarted = False
missionIsEnded = False
missionHistoryId = 00000000-0000-0000-0000-000000000000
saveMD5 = 753d40f14dde42dbcaad6163cf7604ab
