vesselCount = 2
UT = 1874215.8279608404
gameMode = CAREER
gameNull = False
gameCompatible = True
funds = 1140859.5444486504
science = 149
reputationPercent = 65
ongoingContracts = 8
missionCurrentScore = 0
missionIsStarted = False
missionIsEnded = False
missionHistoryId = 00000000-0000-0000-0000-000000000000
saveMD5 = 7b99010be2167fbe6244bb21f57dd2f2
