vesselCount = 20
UT = 108526591.09365863
gameMode = CAREER
gameNull = False
gameCompatible = True
funds = 5160184.3555747475
science = 3585
reputationPercent = 80
ongoingContracts = 6
missionCurrentScore = 0
missionIsStarted = False
missionIsEnded = False
missionHistoryId = 00000000-0000-0000-0000-000000000000
saveMD5 = 483628dcff2138f4ff90025c33d04960
