vesselCount = 3
UT = 1338143.160123697
gameMode = CAREER
gameNull = False
gameCompatible = True
funds = 1563590.4213955563
science = 1851
reputationPercent = 59
ongoingContracts = 12
missionCurrentScore = 0
missionIsStarted = False
missionIsEnded = False
missionHistoryId = 00000000-0000-0000-0000-000000000000
saveMD5 = 248979552b46d5b8791819594e8fe6b2
