vesselCount = 12
UT = 83266939.035376653
gameMode = CAREER
gameNull = False
gameCompatible = True
funds = 3472627.7283525383
science = 2181
reputationPercent = 78
ongoingContracts = 5
missionCurrentScore = 0
missionIsStarted = False
missionIsEnded = False
missionHistoryId = 00000000-0000-0000-0000-000000000000
saveMD5 = 5bb1ad3f52975c7850ddc696e6ea730a
