vesselCount = 11
UT = 45702696.272905812
gameMode = CAREER
gameNull = False
gameCompatible = True
funds = 1627529.2607948966
science = 5
reputationPercent = 77
ongoingContracts = 4
missionCurrentScore = 0
missionIsStarted = False
missionIsEnded = False
missionHistoryId = 00000000-0000-0000-0000-000000000000
saveMD5 = 5bd25e47c184eae418b5e850422afde7
