vesselCount = 38
UT = 143873007.05474827
gameMode = CAREER
gameNull = False
gameCompatible = True
funds = 7060047.7505886806
science = 3728
reputationPercent = 71
ongoingContracts = 9
missionCurrentScore = 0
missionIsStarted = False
missionIsEnded = False
missionHistoryId = 00000000-0000-0000-0000-000000000000
saveMD5 = 8b2f4ca190c7ad667b4d9f186655a37d
