vesselCount = 33
UT = 136643515.66295257
gameMode = CAREER
gameNull = False
gameCompatible = True
funds = 8306661.5934998253
science = 3374
reputationPercent = 69
ongoingContracts = 7
missionCurrentScore = 0
missionIsStarted = False
missionIsEnded = False
missionHistoryId = 00000000-0000-0000-0000-000000000000
saveMD5 = 05fdda8910f190bc01e9565a67a7e137
