vesselCount = 34
UT = 218566966.87924597
gameMode = CAREER
gameNull = False
gameCompatible = True
funds = 10686137.681790663
science = 3829
reputationPercent = 75
ongoingContracts = 1
missionCurrentScore = 0
missionIsStarted = False
missionIsEnded = False
missionHistoryId = 00000000-0000-0000-0000-000000000000
saveMD5 = 03e32b5e08d7f794f4c7425b01c6add4
