vesselCount = 29
UT = 132160308.98519689
gameMode = CAREER
gameNull = False
gameCompatible = True
funds = 3898523.4411170986
science = 4615
reputationPercent = 74
ongoingContracts = 4
missionCurrentScore = 0
missionIsStarted = False
missionIsEnded = False
missionHistoryId = 00000000-0000-0000-0000-000000000000
saveMD5 = 1fef3378cd557d5cea21e64ae9d78ad9
