vesselCount = 33
UT = 136643581.84298807
gameMode = CAREER
gameNull = False
gameCompatible = True
funds = 8306661.5934998253
science = 3374
reputationPercent = 69
ongoingContracts = 7
missionCurrentScore = 0
missionIsStarted = False
missionIsEnded = False
missionHistoryId = 00000000-0000-0000-0000-000000000000
saveMD5 = 7aa59766c8a8bd1cbe971404f3ee65ad
