vesselCount = 32
UT = 160757752.81767517
gameMode = CAREER
gameNull = False
gameCompatible = True
funds = 8338426.0136173842
science = 3799
reputationPercent = 73
ongoingContracts = 6
missionCurrentScore = 0
missionIsStarted = False
missionIsEnded = False
missionHistoryId = 00000000-0000-0000-0000-000000000000
saveMD5 = 65dc20dab2b9c41044ea60d73bb3efa7
