vesselCount = 10
UT = 30010169.855528712
gameMode = CAREER
gameNull = False
gameCompatible = True
funds = 1646865.4811040317
science = 44
reputationPercent = 73
ongoingContracts = 6
missionCurrentScore = 0
missionIsStarted = False
missionIsEnded = False
missionHistoryId = 00000000-0000-0000-0000-000000000000
saveMD5 = 0031dc2831932fb1d682f2e27e31ae28
