vesselCount = 32
UT = 242217357.96857846
gameMode = CAREER
gameNull = False
kspVersion = 1.4.5
funds = 10459422.610652281
science = 4061
reputationPercent = 75
ongoingContracts = 1
missionCurrentScore = 0
missionIsStarted = False
missionIsEnded = False
missionHistoryId = 00000000-0000-0000-0000-000000000000
missionExpansionVersion = 
saveMD5 = 
lastWriteTime = 637046000490000000
