vesselCount = 8
UT = 5901488.1350931656
gameMode = CAREER
gameNull = False
gameCompatible = True
funds = 1981640.6921781618
science = 91
reputationPercent = 70
ongoingContracts = 3
missionCurrentScore = 0
missionIsStarted = False
missionIsEnded = False
missionHistoryId = 00000000-0000-0000-0000-000000000000
saveMD5 = 456575ffcc2981f46cfbfb2219c976a1
