vesselCount = 32
UT = 242217336.06856671
gameMode = CAREER
gameNull = False
gameCompatible = True
funds = 10459422.610652281
science = 4061
reputationPercent = 75
ongoingContracts = 1
missionCurrentScore = 0
missionIsStarted = False
missionIsEnded = False
missionHistoryId = 00000000-0000-0000-0000-000000000000
missionExpansionVersion = 
saveMD5 = 7177eef131033fd4a4f0c82b05e30f08
