vesselCount = 29
UT = 122494053.09193198
gameMode = CAREER
gameNull = False
gameCompatible = True
funds = 4076859.4254920986
science = 3593
reputationPercent = 74
ongoingContracts = 4
missionCurrentScore = 0
missionIsStarted = False
missionIsEnded = False
missionHistoryId = 00000000-0000-0000-0000-000000000000
saveMD5 = 540040066d250766e6bcba0da97312af
