vesselCount = 35
UT = 135735997.41458255
gameMode = CAREER
gameNull = False
gameCompatible = True
funds = 7410693.3919382785
science = 3332
reputationPercent = 66
ongoingContracts = 12
missionCurrentScore = 0
missionIsStarted = False
missionIsEnded = False
missionHistoryId = 00000000-0000-0000-0000-000000000000
saveMD5 = 5d3a81a35ca8e5eb7634993fcd8c17b2
