vesselCount = 12
UT = 83266922.235380158
gameMode = CAREER
gameNull = False
gameCompatible = True
funds = 3472627.7283525383
science = 2181
reputationPercent = 78
ongoingContracts = 5
missionCurrentScore = 0
missionIsStarted = False
missionIsEnded = False
missionHistoryId = 00000000-0000-0000-0000-000000000000
saveMD5 = 6fdc5b2ffd45336dbc46571181abfb23
