vesselCount = 33
UT = 242205047.61784673
gameMode = CAREER
gameNull = False
gameCompatible = True
funds = 10459422.610652281
science = 4061
reputationPercent = 75
ongoingContracts = 1
missionCurrentScore = 0
missionIsStarted = False
missionIsEnded = False
missionHistoryId = 00000000-0000-0000-0000-000000000000
saveMD5 = 12421b3d9d258272e233b1dc5d4b3efa
