vesselCount = 7
UT = 443995.72868248296
gameMode = CAREER
gameNull = False
gameCompatible = True
funds = 792184.47004759265
science = 153
reputationPercent = 47
ongoingContracts = 9
missionCurrentScore = 0
missionIsStarted = False
missionIsEnded = False
missionHistoryId = 00000000-0000-0000-0000-000000000000
saveMD5 = 0165127ee83cb6e56a9348b9b912626b
