vesselCount = 32
UT = 151559387.17306748
gameMode = CAREER
gameNull = False
gameCompatible = True
funds = 8038929.5827434314
science = 3797
reputationPercent = 73
ongoingContracts = 7
missionCurrentScore = 0
missionIsStarted = False
missionIsEnded = False
missionHistoryId = 00000000-0000-0000-0000-000000000000
saveMD5 = 296b9dd659cf5552c65fef8c45dfd77e
