vesselCount = 18
UT = 37483089.843994126
gameMode = CAREER
gameNull = False
gameCompatible = True
funds = 1973314.6518543828
science = 12
reputationPercent = 74
ongoingContracts = 13
missionCurrentScore = 0
missionIsStarted = False
missionIsEnded = False
missionHistoryId = 00000000-0000-0000-0000-000000000000
saveMD5 = 624bc527e7c146b9bd67366a6a84bde0
