vesselCount = 13
UT = 56522858.575204812
gameMode = CAREER
gameNull = False
gameCompatible = True
funds = 1082504.5732948966
science = 7
reputationPercent = 77
ongoingContracts = 4
missionCurrentScore = 0
missionIsStarted = False
missionIsEnded = False
missionHistoryId = 00000000-0000-0000-0000-000000000000
saveMD5 = 2042b05f16847fed5fe6bc2f390475f2
