vesselCount = 13
UT = 31304703.941197801
gameMode = CAREER
gameNull = False
gameCompatible = True
funds = 2253254.970158929
science = 76
reputationPercent = 73
ongoingContracts = 10
missionCurrentScore = 0
missionIsStarted = False
missionIsEnded = False
missionHistoryId = 00000000-0000-0000-0000-000000000000
saveMD5 = 979b44b55d812d0cb542fbd69f8c4b2b
