vesselCount = 5
UT = 2504186.7266134243
gameMode = CAREER
gameNull = False
gameCompatible = True
funds = 1389198.6907223938
science = 43
reputationPercent = 68
ongoingContracts = 7
missionCurrentScore = 0
missionIsStarted = False
missionIsEnded = False
missionHistoryId = 00000000-0000-0000-0000-000000000000
saveMD5 = 9e89029c690c0b0de19056b6cb95cf84
