vesselCount = 3
UT = 720374.73354950722
gameMode = CAREER
gameNull = False
gameCompatible = True
funds = 1197817.4643528061
science = 183
reputationPercent = 52
ongoingContracts = 5
missionCurrentScore = 0
missionIsStarted = False
missionIsEnded = False
missionHistoryId = 00000000-0000-0000-0000-000000000000
saveMD5 = 8c738fab07c0daf3a3a34e8e60f244d5
