vesselCount = 26
UT = 119482983.28402832
gameMode = CAREER
gameNull = False
gameCompatible = True
funds = 4673435.1069421005
science = 3591
reputationPercent = 80
ongoingContracts = 4
missionCurrentScore = 0
missionIsStarted = False
missionIsEnded = False
missionHistoryId = 00000000-0000-0000-0000-000000000000
saveMD5 = 4ac2fb537cb2cd3ff929577d78905f9c
