vesselCount = 15
UT = 43924079.088438496
gameMode = CAREER
gameNull = False
gameCompatible = True
funds = 3443825.5513039604
science = 1877
reputationPercent = 76
ongoingContracts = 4
missionCurrentScore = 0
missionIsStarted = False
missionIsEnded = False
missionHistoryId = 00000000-0000-0000-0000-000000000000
saveMD5 = 0fac566a44fe351abb53063ded367fd4
