vesselCount = 9
UT = 30009530.042627677
gameMode = CAREER
gameNull = False
gameCompatible = True
funds = 2447287.6765531618
science = 116
reputationPercent = 71
ongoingContracts = 3
missionCurrentScore = 0
missionIsStarted = False
missionIsEnded = False
missionHistoryId = 00000000-0000-0000-0000-000000000000
saveMD5 = 8d84f44fc3fb1ae122408779230a126b
