vesselCount = 18
UT = 92939206.972606778
gameMode = CAREER
gameNull = False
gameCompatible = True
funds = 2603168.1056032097
science = 2281
reputationPercent = 78
ongoingContracts = 5
missionCurrentScore = 0
missionIsStarted = False
missionIsEnded = False
missionHistoryId = 00000000-0000-0000-0000-000000000000
saveMD5 = 3c13be918d40bb9fa587c2502dd2b390
