vesselCount = 34
UT = 136643214.64279109
gameMode = CAREER
gameNull = False
gameCompatible = True
funds = 8220220.8920855457
science = 3365
reputationPercent = 69
ongoingContracts = 7
missionCurrentScore = 0
missionIsStarted = False
missionIsEnded = False
missionHistoryId = 00000000-0000-0000-0000-000000000000
saveMD5 = 2f0909c62112364e10f58780810d3509
