vesselCount = 13
UT = 31605660.362444002
gameMode = CAREER
gameNull = False
gameCompatible = True
funds = 2253254.970158929
science = 76
reputationPercent = 73
ongoingContracts = 10
missionCurrentScore = 0
missionIsStarted = False
missionIsEnded = False
missionHistoryId = 00000000-0000-0000-0000-000000000000
saveMD5 = 544531eaa7989d4dd699c4d52789cb36
