vesselCount = 34
UT = 204861795.04270348
gameMode = CAREER
gameNull = False
gameCompatible = True
funds = 10686137.681790663
science = 3829
reputationPercent = 75
ongoingContracts = 1
missionCurrentScore = 0
missionIsStarted = False
missionIsEnded = False
missionHistoryId = 00000000-0000-0000-0000-000000000000
saveMD5 = 3b3a5b7f90df431d69387844162f8d94
