vesselCount = 26
UT = 119599072.9342515
gameMode = CAREER
gameNull = False
gameCompatible = True
funds = 4673435.1069421005
science = 3591
reputationPercent = 80
ongoingContracts = 4
missionCurrentScore = 0
missionIsStarted = False
missionIsEnded = False
missionHistoryId = 00000000-0000-0000-0000-000000000000
saveMD5 = 61477e84e6386e3347357f48033fbcd6
