vesselCount = 21
UT = 108178540.61863965
gameMode = CAREER
gameNull = False
gameCompatible = True
funds = 4119213.5982772312
science = 2369
reputationPercent = 79
ongoingContracts = 3
missionCurrentScore = 0
missionIsStarted = False
missionIsEnded = False
missionHistoryId = 00000000-0000-0000-0000-000000000000
saveMD5 = 6067a86a14f5f06e391abfcce6a76eef
