vesselCount = 11
UT = 70269727.615688115
gameMode = CAREER
gameNull = False
gameCompatible = True
funds = 2585998.2280996665
science = 24
reputationPercent = 77
ongoingContracts = 7
missionCurrentScore = 0
missionIsStarted = False
missionIsEnded = False
missionHistoryId = 00000000-0000-0000-0000-000000000000
saveMD5 = 5ad5e68c4750149623e3b28ccdfbea80
