vesselCount = 16
UT = 108102894.032811
gameMode = CAREER
gameNull = False
gameCompatible = True
funds = 3648198.1056032097
science = 2285
reputationPercent = 78
ongoingContracts = 3
missionCurrentScore = 0
missionIsStarted = False
missionIsEnded = False
missionHistoryId = 00000000-0000-0000-0000-000000000000
saveMD5 = 09122c512bb3ba89c95c0beeeaaf2e1b
