vesselCount = 30
UT = 135734480.15450498
gameMode = CAREER
gameNull = False
gameCompatible = True
funds = 6248559.7898160107
science = 3300
reputationPercent = 77
ongoingContracts = 2
missionCurrentScore = 0
missionIsStarted = False
missionIsEnded = False
missionHistoryId = 00000000-0000-0000-0000-000000000000
saveMD5 = 8f40f177f8462aa388c12ccb0134e164
