vesselCount = 3
UT = 1682191.4238782565
gameMode = CAREER
gameNull = False
gameCompatible = True
funds = 2295537.9286798085
science = 1851
reputationPercent = 60
ongoingContracts = 11
missionCurrentScore = 0
missionIsStarted = False
missionIsEnded = False
missionHistoryId = 00000000-0000-0000-0000-000000000000
saveMD5 = 7f4bac78c2189ff68c772b86ec926ed6
