vesselCount = 1
UT = 440533.7292760007
gameMode = CAREER
gameNull = False
gameCompatible = True
funds = 944523.96346426453
science = 166
reputationPercent = 43
ongoingContracts = 2
missionCurrentScore = 0
missionIsStarted = False
missionIsEnded = False
missionHistoryId = 00000000-0000-0000-0000-000000000000
saveMD5 = 3439426673f141267a32c00842eb0bd9
