vesselCount = 12
UT = 45470158.17564822
gameMode = CAREER
gameNull = False
gameCompatible = True
funds = 834483.51760504092
science = 5
reputationPercent = 77
ongoingContracts = 8
missionCurrentScore = 0
missionIsStarted = False
missionIsEnded = False
missionHistoryId = 00000000-0000-0000-0000-000000000000
saveMD5 = 06998222f79a97543eca3c6470527090
