vesselCount = 2
UT = 1330058.5600059717
gameMode = CAREER
gameNull = False
gameCompatible = True
funds = 1090739.0906862256
science = 86
reputationPercent = 59
ongoingContracts = 1
missionCurrentScore = 0
missionIsStarted = False
missionIsEnded = False
missionHistoryId = 00000000-0000-0000-0000-000000000000
saveMD5 = 3fd6fd98eee4ef3cbbf1450c26eb05c4
