vesselCount = 18
UT = 92917445.577552155
gameMode = CAREER
gameNull = False
gameCompatible = True
funds = 2603168.1056032097
science = 2281
reputationPercent = 78
ongoingContracts = 5
missionCurrentScore = 0
missionIsStarted = False
missionIsEnded = False
missionHistoryId = 00000000-0000-0000-0000-000000000000
saveMD5 = 1fa83d9f1516158cb640af9e05631661
