vesselCount = 27
UT = 119222809.87492104
gameMode = CAREER
gameNull = False
gameCompatible = True
funds = 4602534.8777779769
science = 3591
reputationPercent = 80
ongoingContracts = 5
missionCurrentScore = 0
missionIsStarted = False
missionIsEnded = False
missionHistoryId = 00000000-0000-0000-0000-000000000000
saveMD5 = 58d9e99adc66be2549897a780ccab16e
