vesselCount = 18
UT = 108358717.17276946
gameMode = CAREER
gameNull = False
gameCompatible = True
funds = 4185387.5982772317
science = 2498
reputationPercent = 80
ongoingContracts = 1
missionCurrentScore = 0
missionIsStarted = False
missionIsEnded = False
missionHistoryId = 00000000-0000-0000-0000-000000000000
saveMD5 = 1cdccdafa5170aaae7baed446b1b0f9a
