vesselCount = 29
UT = 131938226.65878843
gameMode = CAREER
gameNull = False
gameCompatible = True
funds = 3898523.4411170986
science = 4592
reputationPercent = 74
ongoingContracts = 4
missionCurrentScore = 0
missionIsStarted = False
missionIsEnded = False
missionHistoryId = 00000000-0000-0000-0000-000000000000
saveMD5 = 2c87fbb383b30e2598ecb953c897d2f2
