vesselCount = 29
UT = 130190546.57578789
gameMode = CAREER
gameNull = False
gameCompatible = True
funds = 3898523.4411170986
science = 4592
reputationPercent = 74
ongoingContracts = 4
missionCurrentScore = 0
missionIsStarted = False
missionIsEnded = False
missionHistoryId = 00000000-0000-0000-0000-000000000000
saveMD5 = 53bc2e7c3c5c66fe4546a1800fed54fa
