vesselCount = 30
UT = 124065409.94865958
gameMode = CAREER
gameNull = False
gameCompatible = True
funds = 3825659.4411170986
science = 4093
reputationPercent = 74
ongoingContracts = 4
missionCurrentScore = 0
missionIsStarted = False
missionIsEnded = False
missionHistoryId = 00000000-0000-0000-0000-000000000000
saveMD5 = 1622ce29eeaa7c4f0eafd95e718af3e7
