vesselCount = 18
UT = 92912695.690980673
gameMode = CAREER
gameNull = False
gameCompatible = True
funds = 2603168.1056032097
science = 2231
reputationPercent = 78
ongoingContracts = 5
missionCurrentScore = 0
missionIsStarted = False
missionIsEnded = False
missionHistoryId = 00000000-0000-0000-0000-000000000000
saveMD5 = 80656242dbd8a4ced02a77b30417e476
