vesselCount = 30
UT = 122750189.16401173
gameMode = CAREER
gameNull = False
gameCompatible = True
funds = 3825659.4411170986
science = 3593
reputationPercent = 74
ongoingContracts = 4
missionCurrentScore = 0
missionIsStarted = False
missionIsEnded = False
missionHistoryId = 00000000-0000-0000-0000-000000000000
saveMD5 = 51299b6d1b6cff6acf0878e17ac952f5
