vesselCount = 14
UT = 92814005.459755123
gameMode = CAREER
gameNull = False
gameCompatible = True
funds = 2603168.1056032097
science = 2181
reputationPercent = 78
ongoingContracts = 5
missionCurrentScore = 0
missionIsStarted = False
missionIsEnded = False
missionHistoryId = 00000000-0000-0000-0000-000000000000
saveMD5 = 9b6cb4123cc7cf244a837e154d74d5df
