vesselCount = 17
UT = 108111596.98894803
gameMode = CAREER
gameNull = False
gameCompatible = True
funds = 3823416.1102260342
science = 2359
reputationPercent = 79
ongoingContracts = 5
missionCurrentScore = 0
missionIsStarted = False
missionIsEnded = False
missionHistoryId = 00000000-0000-0000-0000-000000000000
saveMD5 = 977ed77e3948af8687b789246f1412bf
