vesselCount = 23
UT = 118863950.43471158
gameMode = CAREER
gameNull = False
gameCompatible = True
funds = 3629703.2969809975
science = 3588
reputationPercent = 80
ongoingContracts = 6
missionCurrentScore = 0
missionIsStarted = False
missionIsEnded = False
missionHistoryId = 00000000-0000-0000-0000-000000000000
saveMD5 = 74af94c049b63e5acceedd10d2df1341
