vesselCount = 23
UT = 118862507.56962168
gameMode = CAREER
gameNull = False
gameCompatible = True
funds = 3629703.2969809975
science = 3588
reputationPercent = 80
ongoingContracts = 6
missionCurrentScore = 0
missionIsStarted = False
missionIsEnded = False
missionHistoryId = 00000000-0000-0000-0000-000000000000
saveMD5 = 8e8afce6cccedc50939b25d142c81504
