vesselCount = 23
UT = 118863953.59471092
gameMode = CAREER
gameNull = False
gameCompatible = True
funds = 3629703.2969809975
science = 3588
reputationPercent = 80
ongoingContracts = 6
missionCurrentScore = 0
missionIsStarted = False
missionIsEnded = False
missionHistoryId = 00000000-0000-0000-0000-000000000000
saveMD5 = 8657234f3b713005f8ab963aa97d8e41
