vesselCount = 23
UT = 115505407.51782076
gameMode = CAREER
gameNull = False
gameCompatible = True
funds = 3629703.2969809975
science = 3588
reputationPercent = 80
ongoingContracts = 6
missionCurrentScore = 0
missionIsStarted = False
missionIsEnded = False
missionHistoryId = 00000000-0000-0000-0000-000000000000
saveMD5 = 92737f7db5200791ca9b70c4835d0e07
