vesselCount = 23
UT = 119084675.32661664
gameMode = CAREER
gameNull = False
gameCompatible = True
funds = 3629703.2969809975
science = 3588
reputationPercent = 80
ongoingContracts = 6
missionCurrentScore = 0
missionIsStarted = False
missionIsEnded = False
missionHistoryId = 00000000-0000-0000-0000-000000000000
saveMD5 = 802e5f7d0e96029d872e907ad671b65f
