vesselCount = 18
UT = 92908230.162034079
gameMode = CAREER
gameNull = False
gameCompatible = True
funds = 2603168.1056032097
science = 2231
reputationPercent = 78
ongoingContracts = 5
missionCurrentScore = 0
missionIsStarted = False
missionIsEnded = False
missionHistoryId = 00000000-0000-0000-0000-000000000000
saveMD5 = 21599d2cc126e61f65e3a08cdb843375
