vesselCount = 30
UT = 123879945.49416301
gameMode = CAREER
gameNull = False
gameCompatible = True
funds = 3825659.4411170986
science = 4093
reputationPercent = 74
ongoingContracts = 4
missionCurrentScore = 0
missionIsStarted = False
missionIsEnded = False
missionHistoryId = 00000000-0000-0000-0000-000000000000
saveMD5 = 96343b6e2a93801754f939122893c2f2
