vesselCount = 29
UT = 122572181.02857
gameMode = CAREER
gameNull = False
gameCompatible = True
funds = 4076859.4254920986
science = 3593
reputationPercent = 74
ongoingContracts = 4
missionCurrentScore = 0
missionIsStarted = False
missionIsEnded = False
missionHistoryId = 00000000-0000-0000-0000-000000000000
saveMD5 = 154afdb42bf0dd70b6a23d2cab9c80f2
