vesselCount = 29
UT = 130977583.57423268
gameMode = CAREER
gameNull = False
gameCompatible = True
funds = 3898523.4411170986
science = 4592
reputationPercent = 74
ongoingContracts = 4
missionCurrentScore = 0
missionIsStarted = False
missionIsEnded = False
missionHistoryId = 00000000-0000-0000-0000-000000000000
saveMD5 = 024625bbe283ef840bdbfd3fb39992be
