vesselCount = 0
UT = 703909.67390138039
gameMode = CAREER
gameNull = False
gameCompatible = True
funds = 803508.43558073044
science = 7
reputationPercent = 17
ongoingContracts = 1
missionCurrentScore = 0
missionIsStarted = False
missionIsEnded = False
missionHistoryId = 00000000-0000-0000-0000-000000000000
saveMD5 = 215463ee725998b8f97218c3ec3dc98f
