vesselCount = 1
UT = 355057.53465332126
gameMode = CAREER
gameNull = False
gameCompatible = True
funds = 560984.48793315887
science = 31
reputationPercent = 6
ongoingContracts = 1
missionCurrentScore = 0
missionIsStarted = False
missionIsEnded = False
missionHistoryId = 00000000-0000-0000-0000-000000000000
saveMD5 = 4b3cfc32b5abf1ccd96a7df2a4670f25
