vesselCount = 1
UT = 695023.52449044038
gameMode = CAREER
gameNull = False
gameCompatible = True
funds = 1006422.2453658581
science = 30
reputationPercent = 17
ongoingContracts = 1
missionCurrentScore = 0
missionIsStarted = False
missionIsEnded = False
missionHistoryId = 00000000-0000-0000-0000-000000000000
saveMD5 = 84ad431c721bdf636d090be479d57261
