vesselCount = 2
UT = 389703.25450373243
gameMode = CAREER
gameNull = False
gameCompatible = True
funds = 976282.14140295982
science = 192
reputationPercent = 17
ongoingContracts = 0
missionCurrentScore = 0
missionIsStarted = False
missionIsEnded = False
missionHistoryId = 00000000-0000-0000-0000-000000000000
saveMD5 = 87ab38735b21850d3be15853a3e49dcf
