vesselCount = 1
UT = 690909.77844025881
gameMode = CAREER
gameNull = False
gameCompatible = True
funds = 956964.19748473167
science = 197
reputationPercent = 16
ongoingContracts = 0
missionCurrentScore = 0
missionIsStarted = False
missionIsEnded = False
missionHistoryId = 00000000-0000-0000-0000-000000000000
saveMD5 = 6d0b9384cc19b836b6676e05c4043da0
