vesselCount = 1
UT = 699811.37430631672
gameMode = CAREER
gameNull = False
gameCompatible = True
funds = 1006422.2453658581
science = 30
reputationPercent = 17
ongoingContracts = 1
missionCurrentScore = 0
missionIsStarted = False
missionIsEnded = False
missionHistoryId = 00000000-0000-0000-0000-000000000000
saveMD5 = 458a1ac07216e989c2bb73f89f631950
